AR1_180 = 5.978264852924783e-06
AR1_360 = 6.355136958618575e-06
AR3_360 = 1.939733677869736e-06
AR7_180 = 4.037328655208259e-07
PH = 0.007752564628403207
BFS = 0.0009482822580366493
